Theta0=8034.184766223226
Theta1=-0.017023381545680512
